---
build/images/logos/logo.png: 2015-05-19 14:56:49.000000000 -05:00
build/images/logos/logo_2x.png: 2015-05-19 14:56:48.000000000 -05:00
build/images/logos/robert-johnson-logo.png: 2015-05-19 14:56:48.000000000 -05:00
build/images/logos/robert-johnson-logo_2x.png: 2015-05-19 14:56:49.000000000 -05:00
build/images/map-img-2.png: 2015-05-20 19:15:33.000000000 -05:00
build/images/map-img.png: 2015-05-19 14:57:09.000000000 -05:00
build/images/roles/clinician-img.png: 2015-05-20 19:15:35.000000000 -05:00
build/images/roles/funders-img.png: 2015-05-20 19:15:34.000000000 -05:00
build/images/roles/researcher-img.png: 2015-05-20 19:16:02.000000000 -05:00
build/images/ui/ui-1-img.jpg: 2015-05-20 19:15:41.000000000 -05:00
build/images/ui/ui-2-img.jpg: 2015-05-20 19:15:42.000000000 -05:00
build/images/ui/ui-3-img.jpg: 2015-05-20 19:15:42.000000000 -05:00
build/images/ui/ui-4-img.jpg: 2015-05-20 19:15:43.000000000 -05:00
build/images/ui/ui-5-img.jpg: 2015-05-20 19:15:43.000000000 -05:00
build/images/ui/ui-6-img.jpg: 2015-05-20 19:15:44.000000000 -05:00
build/images/ui/ui-7-img.jpg: 2015-05-20 19:15:44.000000000 -05:00
