---
build/images/favicon.png: 2015-11-09 15:40:26.000000000 -06:00
build/images/featured/featured-img-1.jpg: 2015-11-09 15:40:26.000000000 -06:00
build/images/featured/featured-img-2.jpg: 2015-11-09 15:40:26.000000000 -06:00
build/images/featured/featured-img-3.jpg: 2015-11-09 15:40:26.000000000 -06:00
build/images/logos/100-projects-100-days.jpg: 2015-11-09 15:40:45.000000000 -06:00
build/images/logos/logo.png: 2015-11-09 15:40:26.000000000 -06:00
build/images/logos/logo_2x.png: 2015-11-09 15:40:26.000000000 -06:00
build/images/map-img-2.png: 2015-11-09 15:40:26.000000000 -06:00
build/images/roles/clinician-img-2.png: 2015-11-09 15:40:26.000000000 -06:00
build/images/roles/funders-img.png: 2015-11-09 15:40:26.000000000 -06:00
build/images/roles/researcher-img-2.png: 2015-11-09 15:40:26.000000000 -06:00
build/images/ui/ui-1-img.jpg: 2015-11-09 15:40:26.000000000 -06:00
build/images/ui/ui-2-img.jpg: 2015-11-09 15:40:26.000000000 -06:00
build/images/ui/ui-3-img.jpg: 2015-11-09 15:40:26.000000000 -06:00
build/images/ui/ui-4-img.jpg: 2015-11-09 15:40:26.000000000 -06:00
build/images/ui/ui-5-img.jpg: 2015-11-09 15:40:26.000000000 -06:00
build/images/ui/ui-6-img.jpg: 2015-11-09 15:40:26.000000000 -06:00
build/images/ui/ui-7-img.jpg: 2015-11-09 15:40:26.000000000 -06:00
