---
build/images/favicon-ea0a46e5.png: 2015-05-21 14:55:43.000000000 -05:00
build/images/featured/featured-img-1-8bf922e7.jpg: 2015-05-21 14:55:44.000000000 -05:00
build/images/featured/featured-img-2-9a52a31f.jpg: 2015-05-21 14:55:44.000000000 -05:00
build/images/featured/featured-img-3-2f9e119a.jpg: 2015-05-21 14:55:44.000000000 -05:00
build/images/icons/dropdown-icon-65d85b01.svg: 2015-05-21 14:56:40.000000000 -05:00
build/images/icons/menu-icon-ccadfd3f.svg: 2015-05-21 14:56:40.000000000 -05:00
build/images/icons/user-roles-sprite-02a2eda0.svg: 2015-05-21 14:56:40.000000000 -05:00
build/images/logos/logo-3d79d607.png: 2015-05-21 14:55:45.000000000 -05:00
build/images/logos/logo_2x-e449362e.png: 2015-05-21 14:55:44.000000000 -05:00
build/images/map-img-2-ceec4602.png: 2015-05-21 14:55:45.000000000 -05:00
build/images/roles/clinician-img-14af7a6b.png: 2015-05-21 14:55:46.000000000 -05:00
build/images/roles/funders-img-74185cbe.png: 2015-05-21 14:55:47.000000000 -05:00
build/images/roles/researcher-img-e182b9dc.png: 2015-05-21 14:56:08.000000000 -05:00
build/images/ui/ui-1-img-607daf04.jpg: 2015-05-21 14:55:53.000000000 -05:00
build/images/ui/ui-2-img-ffcd0a43.jpg: 2015-05-21 14:55:54.000000000 -05:00
build/images/ui/ui-3-img-6cb58ce0.jpg: 2015-05-21 14:55:54.000000000 -05:00
build/images/ui/ui-4-img-ed8f7a43.jpg: 2015-05-21 14:55:54.000000000 -05:00
build/images/ui/ui-5-img-38a4512f.jpg: 2015-05-21 14:55:54.000000000 -05:00
build/images/ui/ui-6-img-e6990b83.jpg: 2015-05-21 14:55:55.000000000 -05:00
build/images/ui/ui-7-img-6044149d.jpg: 2015-05-21 14:55:55.000000000 -05:00
