---
build/images/logos/logo.png: 2015-05-19 14:56:49.000000000 -05:00
build/images/logos/logo_2x.png: 2015-05-19 14:56:48.000000000 -05:00
build/images/logos/robert-johnson-logo.png: 2015-05-19 14:56:48.000000000 -05:00
build/images/logos/robert-johnson-logo_2x.png: 2015-05-19 14:56:49.000000000 -05:00
build/images/map-img.png: 2015-05-19 14:57:09.000000000 -05:00
build/images/test-user-img.png: 2015-05-19 14:56:53.000000000 -05:00
