---
build/images/favicon.png: 2015-05-21 14:18:44.000000000 -05:00
build/images/featured/featured-img-1.jpg: 2015-05-21 14:18:44.000000000 -05:00
build/images/featured/featured-img-2.jpg: 2015-05-21 14:18:44.000000000 -05:00
build/images/featured/featured-img-3.jpg: 2015-05-21 14:18:44.000000000 -05:00
build/images/icons/dropdown-icon.svg: 2015-05-21 14:19:45.000000000 -05:00
build/images/icons/menu-icon.svg: 2015-05-21 14:19:45.000000000 -05:00
build/images/icons/user-roles-sprite.svg: 2015-05-21 14:19:45.000000000 -05:00
build/images/logos/logo.png: 2015-05-21 14:18:45.000000000 -05:00
build/images/logos/logo_2x.png: 2015-05-21 14:18:45.000000000 -05:00
build/images/map-img-2.png: 2015-05-21 14:18:46.000000000 -05:00
build/images/roles/clinician-img.png: 2015-05-21 14:18:47.000000000 -05:00
build/images/roles/funders-img.png: 2015-05-21 14:18:47.000000000 -05:00
build/images/roles/researcher-img.png: 2015-05-21 14:19:11.000000000 -05:00
build/images/ui/ui-1-img.jpg: 2015-05-21 14:18:55.000000000 -05:00
build/images/ui/ui-2-img.jpg: 2015-05-21 14:18:55.000000000 -05:00
build/images/ui/ui-3-img.jpg: 2015-05-21 14:18:56.000000000 -05:00
build/images/ui/ui-4-img.jpg: 2015-05-21 14:18:56.000000000 -05:00
build/images/ui/ui-5-img.jpg: 2015-05-21 14:18:56.000000000 -05:00
build/images/ui/ui-6-img.jpg: 2015-05-21 14:18:57.000000000 -05:00
build/images/ui/ui-7-img.jpg: 2015-05-21 14:18:57.000000000 -05:00
