---
build/images/favicon.png: 2015-06-16 16:38:01.000000000 -05:00
build/images/featured/featured-img-1.jpg: 2015-06-16 16:38:01.000000000 -05:00
build/images/featured/featured-img-2.jpg: 2015-06-16 16:38:02.000000000 -05:00
build/images/featured/featured-img-3.jpg: 2015-06-16 16:38:01.000000000 -05:00
build/images/icons/dropdown-icon.svg: 2015-06-16 16:38:02.000000000 -05:00
build/images/icons/menu-icon.svg: 2015-06-16 16:38:02.000000000 -05:00
build/images/icons/user-roles-sprite.svg: 2015-06-16 16:38:02.000000000 -05:00
build/images/logos/logo.png: 2015-06-16 16:38:03.000000000 -05:00
build/images/logos/logo_2x.png: 2015-06-16 16:38:02.000000000 -05:00
build/images/map-img-2.png: 2015-06-16 16:38:04.000000000 -05:00
build/images/roles/clinician-img-2.png: 2015-06-16 16:38:05.000000000 -05:00
build/images/roles/funders-img.png: 2015-06-16 16:38:05.000000000 -05:00
build/images/roles/researcher-img-2.png: 2015-06-16 16:38:28.000000000 -05:00
build/images/ui/ui-1-img.jpg: 2015-06-16 16:38:11.000000000 -05:00
build/images/ui/ui-2-img.jpg: 2015-06-16 16:38:12.000000000 -05:00
build/images/ui/ui-3-img.jpg: 2015-06-16 16:38:12.000000000 -05:00
build/images/ui/ui-4-img.jpg: 2015-06-16 16:38:13.000000000 -05:00
build/images/ui/ui-5-img.jpg: 2015-06-16 16:38:13.000000000 -05:00
build/images/ui/ui-6-img.jpg: 2015-06-16 16:38:13.000000000 -05:00
build/images/ui/ui-7-img.jpg: 2015-06-16 16:38:14.000000000 -05:00
